
341
338
301
356
295
329
310
354
299
308
326
333
370
359
343
317
321
310
317
312
292
320
316
316
303
323
343
331
297
331
314
317
314
288
384
303
318
308
324
332
323
297
310
301
349
306
302
360
331
328
359
357
337
311
339
316
366
391
334
301
345
344
345
355
384
310
332
317
354
318
375
339
342
321
295
354
302
339
345
337
304
332
342
389
298
300
325
359
386
325
298
354
356
310
329
343
341
354
313
347
345
338
328
357
322
337
299
304
319
342
379
306
403
309
318
305
376
405
401
349
345
317
377
327
344
365
352
364
349
339
332
308
318
353
299
404
330
337
319
385
333
372
346
358
350
327
376
381
308
361
330
339
351
322
312
367
352
386
328
357
381
326
345
419
316
348
396
333
345
395
369
347
334
348
364
304
347
349
315
356
350
367
339
336
317
375
353
349
332
402
350
410
412
338
336
364
357
425
310
321
385
363
330
383
427
381
370
411
323
347
333
413
350
305
355
345
371
306
407
373
436
379
297
310
324
350
342
384
349
367
349
392
329
350
314
328
397
388
397
373
328
378
374
373
358
356
371
403
341
349
351
347
370
318
408
353
340
325
345
375
344
365
355
346
370
334
303
414
433
321
334
302
379
367
347
428
397
402
431
498
373
353
335
432
401
395
353
327
374
336
372
432
322
437
324
318
422
340
401
354
313
389
337
381
363
348
429
404
351
368
420
381
428
391
314
391
359
349
358
417
389
338
361
370
388
429
349
321
363
319
355
348
350
422
392
394
340
344
344
372
393
397
405
332
354
413
339
376
353
487
363
332
432
414
426
383
359
374
359
350
377
358
423
359
412
334
413
382
391
401
355
385
356
338
375
428
328
425
361
473
419
412
374
347
362
381
408
441
355
360
374
369
429
401
461
372
349
459
339
386
377
369
403
393
388
477
423
456
368
377
407
451
400
378
360
411
420
381
398
447
473
423
371
396
345
412
343
359
361
455
417
407
461
419
355
402
394
334
392
365
413
393
373
356
418
449
400
404
384
440
441
452
416
400
412
376
368
337
382
425
381
437
475
307
402
298
415
423
381
397
388
448
459
482
478
432
482
475
449
373
426
364
348
472
370
468
408
367
433
497
366
405
367
443
377
370
427
494
347
399
344
382
373
420
339
360
379
341
391
381
430
404
391
463
429
353
427
354
385
329
377
524
463
416
383
407
514
469
474
387
406
472
396
398
493
369
327
472
345
449
436
378
364
462
381
334
538
388
525
407
369
413
385
425
377
383
378
397
365
428
373
416
403
460
379
406
395
420
453
392
432
427
384
398
384
418
426
379
334
303
402
454
493
354
372
417
394
373
387
394
348
422
416
494
372
429
381
435
345
575
518
392
387
407
391
367
459
402
332
409
408
415
587
463
449
390
410
422
328
398
468
438
422
399
362
357
465
344
388
408
411
480
415
525
413
409
417
392
343
384
361
369
411
383
348
364
496
530
512
347
450
516
343
399
329
404
368
399
478
406
350
351
528
456
355
466
383
335
402
352
525
394
364
337
348
432
416
416
386
408
447
401
407
466
442
467
372
494
366
364
347
445
362
464
448
353
379
379
453
393
455
528
373
354
427
394
350
393
338
429
464
399
495
380
403
439
478
408
464
425
360
467
455
418
402
423
391
461
476
351
337
413
439
476
395
364
473
355
447
414
406
449
434
400
421
457
406
365
392
345
399
466
522
436
379
509
516
424
539
394
326
404
428
566
357
403
436
410
534
413
421
432
413
477
430
403
467
406
405
512
420
501
439
327
341
478
444
402
533
376
374
494
506
405
433
359
453
440
412
397
488
413
446
431
458
364
431
381
392
433
375
375
355
381
532
389
361
402
561
459
486
563
401
522
439
392
451
404
437
444
520
392
389
350
500
553
427
377
516
385
432
354
359
410
418
444
500
402
434
451
514
491
585
407
434
422
329
437
396
407
438
384
479
486
453
481
409
457
450
401
402
412
421
430
368
488
519
430
422
407
379
398
552
405
477
405
433
455
383
461
438
388
494
516
443
554
519
515
431
542
473
463
432
340
636
401
389
448
430
399
421
463
398
401
457
476
429
400
383
413
387
481
492
424
453
401
449
520
457
431
444
403
367
440
491
400
434
573
394
542
429
461
438
458
383
419
350
484
408
512
548
424
412
379
460
401
485
461
433
453
572
398
492
480
373
357
338
572
406
333
424
526
545
441
412
405
524
512
452
395
427
420
438
420
417
429
360
423
559
443
506
555
506
445
486
436
453
542
440
478